Insert 10
Insert 24
Print tree: 
A, 10, 110, 210,  B, 24, 124, 224
Insert 23
Print tree: 
23
   A, 10, 110, 210
   C, 23, 123, 223,  B, 24, 124, 224
Insert 45
Print tree: 
23, 24
   A, 10, 110, 210
   C, 23, 123, 223
   B, 24, 124, 224,  D, 45, 145, 245
Insert 21
Print tree: 
23, 24
   A, 10, 110, 210,  E, 21, 121, 221
   C, 23, 123, 223
   B, 24, 124, 224,  D, 45, 145, 245
Insert 18
Print tree: 
23
   18
      A, 10, 110, 210
      F, 18, 118, 218,  E, 21, 121, 221
   24
      C, 23, 123, 223
      B, 24, 124, 224,  D, 45, 145, 245
Insert 12
Print tree: 
23
   18
      A, 10, 110, 210,  G, 12, 112, 212
      F, 18, 118, 218,  E, 21, 121, 221
   24
      C, 23, 123, 223
      B, 24, 124, 224,  D, 45, 145, 245
Insert 20
Print tree: 
23
   18, 20
      A, 10, 110, 210,  G, 12, 112, 212
      F, 18, 118, 218
      H, 20, 120, 220,  E, 21, 121, 221
   24
      C, 23, 123, 223
      B, 24, 124, 224,  D, 45, 145, 245
Insert 15
Print tree: 
18, 23
   12
      A, 10, 110, 210
      G, 12, 112, 212,  I, 15, 115, 215
   20
      F, 18, 118, 218
      H, 20, 120, 220,  E, 21, 121, 221
   24
      C, 23, 123, 223
      B, 24, 124, 224,  D, 45, 145, 245
Insert 33
Print tree: 
18, 23
   12
      A, 10, 110, 210
      G, 12, 112, 212,  I, 15, 115, 215
   20
      F, 18, 118, 218
      H, 20, 120, 220,  E, 21, 121, 221
   24, 33
      C, 23, 123, 223
      B, 24, 124, 224
      J, 33, 133, 233,  D, 45, 145, 245
Insert 31
Print tree: 
18, 23
   12
      A, 10, 110, 210
      G, 12, 112, 212,  I, 15, 115, 215
   20
      F, 18, 118, 218
      H, 20, 120, 220,  E, 21, 121, 221
   24, 33
      C, 23, 123, 223
      B, 24, 124, 224,  K, 31, 131, 231
      J, 33, 133, 233,  D, 45, 145, 245
Insert 50
Print tree: 
23
   18
      12
         A, 10, 110, 210
         G, 12, 112, 212,  I, 15, 115, 215
      20
         F, 18, 118, 218
         H, 20, 120, 220,  E, 21, 121, 221
   33
      24
         C, 23, 123, 223
         B, 24, 124, 224,  K, 31, 131, 231
      45
         J, 33, 133, 233
         D, 45, 145, 245,  L, 50, 150, 250
Insert 48
Insert 52
Print tree: 
23
   18
      12
         A, 10, 110, 210
         G, 12, 112, 212,  I, 15, 115, 215
      20
         F, 18, 118, 218
         H, 20, 120, 220,  E, 21, 121, 221
   33, 48
      24
         C, 23, 123, 223
         B, 24, 124, 224,  K, 31, 131, 231
      45
         J, 33, 133, 233
         D, 45, 145, 245
      50
         M, 48, 148, 248
         L, 50, 150, 250,  N, 52, 152, 252
Insert 53
Print tree: 
23
   18
      12
         A, 10, 110, 210
         G, 12, 112, 212,  I, 15, 115, 215
      20
         F, 18, 118, 218
         H, 20, 120, 220,  E, 21, 121, 221
   33, 48
      24
         C, 23, 123, 223
         B, 24, 124, 224,  K, 31, 131, 231
      45
         J, 33, 133, 233
         D, 45, 145, 245
      50, 52
         M, 48, 148, 248
         L, 50, 150, 250
         N, 52, 152, 252,  N, 53, 153, 253

Delete 50
Print tree: 
23
   18
      12
         A, 10, 110, 210
         G, 12, 112, 212,  I, 15, 115, 215
      20
         F, 18, 118, 218
         H, 20, 120, 220,  E, 21, 121, 221
   33, 48
      24
         C, 23, 123, 223
         B, 24, 124, 224,  K, 31, 131, 231
      45
         J, 33, 133, 233
         D, 45, 145, 245
      50
         M, 48, 148, 248
         N, 52, 152, 252,  N, 53, 153, 253

Delete 48
Merge left/2
Print tree: 
23
   18
      12
         A, 10, 110, 210
         G, 12, 112, 212,  I, 15, 115, 215
      20
         F, 18, 118, 218
         H, 20, 120, 220,  E, 21, 121, 221
   33
      24
         C, 23, 123, 223
         B, 24, 124, 224,  K, 31, 131, 231
      45, 48
         J, 33, 133, 233
         D, 45, 145, 245
         N, 52, 152, 252,  N, 53, 153, 253

Delete 18
Merge left/1
Merge right/0
Print tree: 
23, 33
   12, 18
      A, 10, 110, 210
      G, 12, 112, 212,  I, 15, 115, 215
      H, 20, 120, 220,  E, 21, 121, 221
   24
      C, 23, 123, 223
      B, 24, 124, 224,  K, 31, 131, 231
   45, 48
      J, 33, 133, 233
      D, 45, 145, 245
      N, 52, 152, 252,  N, 53, 153, 253

Delete 20
Print tree: 
23, 33
   12, 18
      A, 10, 110, 210
      G, 12, 112, 212,  I, 15, 115, 215
      E, 21, 121, 221
   24
      C, 23, 123, 223
      B, 24, 124, 224,  K, 31, 131, 231
   45, 48
      J, 33, 133, 233
      D, 45, 145, 245
      N, 52, 152, 252,  N, 53, 153, 253

Delete 21
Print tree: 
23, 33
   12
      A, 10, 110, 210
      G, 12, 112, 212,  I, 15, 115, 215
   24
      C, 23, 123, 223
      B, 24, 124, 224,  K, 31, 131, 231
   45, 48
      J, 33, 133, 233
      D, 45, 145, 245
      N, 52, 152, 252,  N, 53, 153, 253

Delete 10
Merge right/0
Print tree: 
33
   23, 24
      G, 12, 112, 212,  I, 15, 115, 215
      C, 23, 123, 223
      B, 24, 124, 224,  K, 31, 131, 231
   45, 48
      J, 33, 133, 233
      D, 45, 145, 245
      N, 52, 152, 252,  N, 53, 153, 253
